77 127 88
77 127 88
77 127 88
77 127 88
77 127 88
77 127 88
77 127 88
77 127 88
77 127 88
77 127 88
77 127 88
77 127 88
77 127 88
77 127 88
77 127 88
77 127 88
77 127 88
77 127 88
77 127 88
77 127 88
77 127 88
77 127 88
77 127 88
77 127 88
77 127 88
77 127 88
77 127 88
77 127 88
77 127 88
77 127 88
77 127 88
77 127 88
77 127 88
77 127 88
77 127 88
77 127 88
77 127 88
77 127 88
77 127 88
77 127 88
77 127 88
77 127 88
77 127 88
77 127 88
77 127 88
77 127 88
77 127 88
77 127 88
77 127 88
77 127 88
77 127 88
77 127 88
77 127 88
77 127 88
77 127 88
77 127 88
77 127 88
77 127 88
77 127 88
77 127 88
77 127 88
77 127 88
77 127 88
77 127 88
77 127 88
77 127 88
77 127 88
77 127 88
74 124 85
74 124 85
86 136 96
96 145 107
96 145 107
76 126 86
76 126 86
76 126 86
70 130 95
70 130 95
65 118 89
101 155 123
90 137 101
90 137 101
105 150 112
105 150 112
80 119 89
80 119 89
74 125 92
74 125 92
62 110 77
62 110 77
62 110 77
99 139 102
99 139 102
89 138 100
89 138 100
89 138 100
89 148 106
89 148 106
115 170 133
115 170 133
115 170 133
64 105 87
64 105 87
84 128 107
84 128 107
126 175 142
126 175 142
126 175 142
82 121 89
82 121 89
112 149 119
112 149 119
112 149 119
71 104 94
97 149 111
34 62 46
34 62 46
103 152 118
94 148 116
94 148 116
67 110 76
67 110 76
113 161 126
89 138 103
71 124 89
113 167 135
113 167 135
98 143 113
103 148 114
103 148 113
103 148 113
125 169 137
115 159 130
115 159 130
82 126 97
82 126 97
82 126 97
72 114 89
72 114 89
121 167 136
121 167 136
104 157 128
90 137 118
101 134 121
101 134 121
115 152 137
115 152 137
107 139 126
107 139 126
107 139 126
92 124 107
92 124 107
92 129 105
84 126 98
99 147 110
99 147 110
102 152 113
102 152 113
91 140 103
91 140 103
71 112 83
71 112 83
71 112 83
71 106 82
71 106 82
81 126 97
81 126 97
81 126 97
107 157 126
107 157 126
112 164 133
112 164 133
93 150 119
95 155 120
105 166 129
105 166 129
121 182 143
121 182 143
105 161 121
105 161 121
91 142 104
91 142 104
98 149 112
98 149 112
103 153 118
103 153 118
94 143 110
94 143 110
98 146 114
98 146 114
93 140 113
93 140 113
93 140 113
84 130 108
84 130 108
58 103 86
58 103 86
90 136 115
90 136 115
108 161 132
108 161 132
106 161 128
106 161 128
92 146 112
92 146 112
92 146 112
69 121 86
69 121 86
71 124 90
71 124 90
70 122 89
70 122 89
85 141 108
85 141 108
85 141 108
85 141 108
85 141 108
85 141 108
79 134 103
79 134 103
79 134 103
79 134 103
72 122 90
68 116 89
67 115 92
67 115 92
91 146 115
91 146 115
93 151 114
93 151 114
93 151 114
96 151 116
96 151 116
104 159 126
86 138 95
77 121 80
77 121 80
81 129 95
81 129 95
96 145 109
96 145 109
102 159 115
102 159 115
91 145 103
91 145 103
95 143 111
95 143 111
91 140 108
91 140 108
121 177 133
94 146 93
74 126 80
113 163 122
113 163 122
111 161 121
84 134 99
109 166 122
111 162 116
111 162 116
78 105 79
78 105 79
75 92 80
75 92 80
59 81 76
59 81 76
77 121 106
77 121 106
100 157 129
119 173 136
119 173 136
104 153 117
104 153 117
92 139 106
59 104 80
59 104 80
81 127 104
81 127 104
109 157 125
109 157 125
105 149 112
89 134 100
118 168 134
118 168 134
90 147 106
102 154 112
102 154 112
97 146 106
97 146 106
69 109 85
84 130 99
84 130 99
84 130 99
96 146 110
96 146 110
87 140 101
87 140 101
85 136 96
85 135 97
70 119 84
92 145 105
52 95 68
61 94 76
61 94 76
67 98 81
80 118 100
80 118 100
105 154 128
126 174 144
126 174 144
120 165 136
74 112 90
62 101 80
72 114 86
72 114 86
72 114 86
68 106 79
68 106 79
68 106 79
93 128 104
73 107 85
73 107 85
69 116 91
88 140 109
88 140 109
108 160 123
108 160 123
89 130 98
121 161 131
89 139 113
115 162 128
115 162 128
49 89 61
102 144 111
102 144 111
89 133 95
128 175 130
128 175 130
111 164 122
86 129 98
86 129 98
55 88 63
55 88 63
62 96 73
85 130 96
92 140 104
92 140 104
94 143 107
94 143 107
91 143 106
91 143 106
114 168 131
114 168 131
106 160 124
106 160 124
94 145 108
94 145 108
103 156 120
103 156 120
81 139 106
81 139 106
71 123 95
71 123 95
71 116 94
71 116 94
67 113 82
67 113 82
76 125 96
90 137 109
90 137 109
90 137 109
78 120 100
78 120 100
63 102 82
65 102 79
62 97 76
62 97 76
66 105 79
66 105 79
99 147 109
99 147 109
99 147 109
99 147 109
99 147 109
110 162 121
110 162 121
113 169 133
92 143 115
92 143 115
80 124 101
80 124 101
80 124 101
68 108 88
68 108 88
87 122 92
87 122 92
87 122 92
117 158 121
117 158 121
110 163 125
110 163 125
92 141 112
92 141 112
70 109 87
70 109 87
59 92 76
59 92 76
64 100 79
64 100 79
64 100 79
82 125 98
82 125 98
86 138 102
86 138 102
86 138 102
95 150 109
95 150 109
104 160 118
118 167 132
96 135 113
91 130 109
91 130 109
109 149 126
109 149 126
118 160 134
118 160 134
114 159 131
114 159 131
106 153 126
106 153 126
93 139 112
60 101 77
60 101 77
91 130 107
82 120 98
65 99 83
74 108 89
78 116 91
105 151 116
116 164 126
116 164 126
127 177 135
127 177 135
127 177 135
127 177 135
127 177 135
127 177 135
127 177 135
127 177 135
127 177 135
127 177 135
127 177 135
118 182 146
118 182 146
118 182 146
118 182 146
118 182 146
118 182 146
118 182 146
118 182 146
118 182 146
118 182 146
118 182 146
118 182 146
118 182 146
118 182 146
118 182 146
118 182 146
118 182 146
118 182 146
118 182 146
118 182 146
118 182 146
118 182 146
118 182 146
118 182 146
118 182 146
118 182 146
118 182 146
118 182 146
118 182 146
118 182 146
96 155 112
96 155 112
89 130 108
89 130 108
76 113 80
99 138 126
106 159 121
61 109 78
61 109 78
81 137 106
81 137 106
104 159 114
91 150 111
91 150 111
122 176 141
105 157 120
105 157 120
85 137 92
85 137 92
89 141 102
112 164 128
112 164 128
88 134 94
69 95 82
110 168 130
110 168 130
80 127 98
102 149 123
84 124 102
84 124 102
102 154 118
100 157 112
94 149 105
89 139 99
94 130 94
84 128 93
93 148 106
96 149 118
109 174 129
101 156 117
90 149 103
90 149 103
116 175 130
74 118 93
74 118 93
40 81 62
40 81 62
108 156 113
105 158 119
119 169 136
93 134 103
85 140 97
83 129 100
113 162 126
113 162 126
71 98 87
100 147 112
100 147 112
117 182 147
87 112 107
112 149 130
105 157 129
105 157 129
68 117 90
92 145 107
103 157 120
99 150 121
99 150 121
74 94 74
90 143 103
88 134 101
67 111 75
93 144 101
93 144 101
105 162 123
105 162 123
77 123 95
77 123 95
85 130 94
102 150 109
94 148 107
122 177 131
121 179 135
109 164 120
109 164 120
109 162 118
100 154 109
100 154 109
117 174 128
128 183 145
101 149 121
80 126 99
107 163 119
122 179 137
122 179 137
83 129 103
100 143 120
100 143 120
89 129 103
108 151 122
105 153 116
105 153 116
95 145 106
95 145 106
90 140 102
90 140 102
103 154 115
103 154 115
118 169 123
118 169 123
115 168 112
80 110 87
76 104 89
76 104 89
64 103 87
72 116 97
100 158 124
95 165 121
115 180 132
90 144 102
90 140 110
94 145 116
98 154 121
98 154 121
102 153 122
102 153 122
100 151 120
100 151 120
82 125 97
84 124 103
77 116 95
79 126 94
111 168 127
113 173 126
113 173 126
107 164 119
113 168 124
113 164 121
113 164 121
113 164 121
113 164 121
113 164 121
101 159 118
101 159 118
101 159 118
101 159 118
101 159 118
101 159 118
101 159 118
101 159 118
101 159 118
101 159 118
101 159 118
101 159 118
101 159 118
101 159 118
101 159 118
101 159 118
101 159 118
101 159 118
101 159 118
101 159 118
101 159 118
101 159 118
101 159 118
101 159 118
101 159 118
101 159 118
101 159 118
101 159 118
101 159 118
101 159 118
101 159 118
101 159 118
101 159 118
94 155 113
94 156 113
94 156 113
106 163 124
106 163 124
103 162 119
87 151 106
99 163 119
98 161 121
86 142 105
86 142 105
105 151 123
105 151 123
116 157 139
62 100 90
58 95 81
58 95 81
98 144 117
98 144 117
115 168 127
115 168 127
130 185 139
130 185 139
124 178 134
111 167 120
112 169 122
79 125 86
85 121 95
80 123 105
80 129 106
46 83 67
46 83 67
47 86 65
47 86 65
108 161 124
92 141 105
80 125 91
80 125 91
62 97 74
62 97 74
78 116 93
105 142 116
92 131 103
92 131 103
107 150 119
138 184 148
90 137 99
90 137 99
64 117 80
74 130 91
74 130 91
96 152 113
72 126 88
72 126 88
68 121 84
68 121 84
65 111 78
54 100 70
82 131 105
58 104 85
82 131 112
82 131 112
105 160 129
100 148 117
100 148 117
93 149 115
106 168 132
106 168 132
117 185 148
100 157 121
100 157 121
56 104 72
96 148 121
96 148 121
92 148 119
76 101 87
73 104 85
115 166 129
115 166 129
114 171 127
103 159 117
103 159 117
100 154 118
57 104 73
57 104 73
62 108 81
96 149 114
96 149 114
75 124 101
75 124 101
75 124 101
89 136 113
112 169 138
64 110 76
84 142 108
74 113 83
69 89 78
59 82 76
59 82 76
75 108 95
75 108 95
97 138 117
101 155 126
101 155 126
94 144 115
66 102 85
82 125 109
114 176 140
114 176 140
97 141 121
97 141 121
92 114 119
97 116 124
80 104 104
77 103 102
77 103 102
73 122 103
73 122 103
85 143 108
85 143 108
111 174 141
111 174 141
88 137 109
88 137 109
57 94 78
57 94 78
112 158 138
104 157 124
117 172 130
99 154 111
115 174 134
93 150 112
93 150 112
104 159 123
104 159 123
128 183 147
126 175 143
83 101 91
77 90 90
65 85 87
65 85 87
79 110 95
91 129 110
77 111 91
67 101 82
67 101 82
104 151 120
104 151 120
141 198 158
141 198 158
91 141 96
91 141 96
87 122 90
87 122 90
83 125 88
99 140 109
99 140 109
106 160 124
106 160 124
93 151 113
93 151 113
103 158 120
102 152 119
96 145 122
101 151 125
108 153 129
108 153 129
70 114 88
70 114 88
78 127 94
78 127 94
112 166 122
84 130 92
85 131 97
106 157 120
106 157 120
106 157 120
114 166 129
114 166 129
114 166 129
112 166 129
112 166 129
100 150 116
101 150 118
101 150 118
101 150 118
101 150 118
101 150 121
101 150 120
101 150 120
101 150 120
104 157 125
105 160 124
98 153 117
98 153 117
94 144 110
94 144 110
94 144 110
90 139 106
90 139 106
90 139 106
90 139 106
90 139 106
90 139 106
102 156 119
102 156 119
102 156 119
102 156 119
102 156 119
102 156 119
102 156 119
102 156 119
102 156 119
102 156 119
102 156 119
102 156 119
102 156 119
102 156 119
102 156 119
102 156 119
102 156 119
102 156 119
102 156 119
102 156 119
102 156 119
102 156 119
102 156 119
102 156 119
102 156 119
102 156 119
102 156 119
102 156 119
102 156 119
102 156 119
102 156 119
102 156 119
102 156 119
102 156 119
110 163 129
110 163 129
101 159 121
84 144 101
84 144 101
51 94 69
104 160 121
101 161 129
76 123 88
101 147 112
101 147 112
114 161 127
122 167 135
122 167 135
95 143 108
95 143 108
108 156 121
108 156 121
99 150 117
68 118 89
46 89 62
46 89 62
76 116 91
117 151 128
117 151 128
128 166 139
128 166 139
123 165 132
123 165 132
123 165 132
119 161 126
119 161 126
105 152 113
78 119 84
64 100 69
50 68 50
52 68 49
52 68 49
105 161 117
92 148 105
92 148 105
73 126 84
91 141 103
103 153 115
99 147 108
99 147 108
100 145 112
107 157 118
78 125 83
55 100 60
55 100 60
62 106 66
84 135 92
84 135 92
128 178 131
70 106 67
78 128 89
78 128 89
80 137 96
92 150 107
92 150 107
94 154 110
92 148 105
94 147 105
94 147 105
114 165 124
114 165 124
118 170 129
118 170 129
110 161 120
110 161 120
110 162 121
115 168 127
112 166 125
111 163 124
111 163 124
106 158 119
106 158 119
100 150 112
100 150 112
100 150 112
95 144 106
65 112 76
65 112 76
89 137 99
89 137 99
97 146 108
97 146 108
97 146 108
97 146 108
118 167 129
118 167 129
118 167 129
118 167 129
118 167 129
118 167 129
118 167 129
118 167 129
118 167 129
118 167 129
118 167 129
118 167 129
118 167 129
118 167 129
118 167 129
118 167 129
118 167 129
118 167 129
118 167 129
