79 137 203
79 134 203
88 143 212
84 136 206
77 129 199
122 173 243
130 179 249
119 168 238
100 149 219
84 129 196
51 88 150
50 84 144
35 68 131
14 49 113
7 41 107
14 49 117
22 56 126
36 76 151
41 87 165
85 143 209
120 178 244
110 168 234
109 164 231
114 169 236
99 154 221
120 176 241
118 171 238
82 136 201
71 125 190
85 139 204
83 135 201
73 125 191
81 133 199
99 147 211
81 123 182
83 121 179
68 106 164
42 78 138
17 52 115
7 42 106
8 42 108
12 45 114
28 62 132
36 71 144
38 74 150
33 71 149
32 71 149
151 210 255
146 205 255
170 230 255
56 116 170
139 199 255
126 184 250
127 186 255
102 160 232
45 102 171
81 139 205
112 170 236
105 163 229
105 160 227
110 166 231
106 162 227
118 174 239
132 186 251
82 136 199
58 112 175
71 126 187
80 135 196
87 142 203
112 166 227
138 190 250
149 198 254
148 194 248
139 183 237
115 158 215
78 118 177
41 78 140
17 52 116
9 41 106
16 45 112
20 49 116
25 51 121
26 52 122
27 55 126
33 61 132
35 63 134
151 209 255
151 213 255
154 216 255
144 205 255
140 201 251
143 203 255
142 202 255
88 149 205
74 134 194
121 182 244
126 186 252
120 179 249
124 182 254
117 175 250
105 163 239
85 142 217
55 112 181
99 157 223
110 168 234
104 162 228
106 162 227
110 166 231
117 173 238
111 168 230
92 149 211
85 142 203
106 163 224
141 199 255
156 214 255
154 212 255
151 207 255
143 200 255
155 212 255
158 213 255
159 212 255
153 203 255
132 179 235
96 138 197
60 97 157
36 70 130
24 53 114
18 46 107
17 39 104
20 40 105
25 43 106
26 43 106
27 44 107
30 47 110
28 46 109
27 48 110
32 62 121
68 116 182
111 165 226
152 210 255
141 203 249
128 190 238
135 196 246
162 222 255
144 204 255
148 209 255
110 170 229
49 110 172
99 160 224
108 167 236
109 168 238
113 171 246
96 154 229
78 136 212
62 119 194
46 103 172
102 160 226
108 166 232
109 167 233
113 169 234
108 164 229
108 165 227
78 135 196
58 115 176
94 152 211
140 198 255
156 215 255
143 202 255
139 198 254
146 205 255
144 206 255
138 203 254
137 203 252
138 201 251
146 204 255
153 207 255
148 197 253
125 168 225
102 140 198
42 74 133
27 55 115
20 42 100
21 39 98
24 38 96
20 33 89
20 31 88
25 36 93
22 34 92
21 35 93
27 46 103
47 72 128
58 92 146
53 95 148
69 119 171
155 205 255
123 171 235
82 133 195
131 189 241
142 204 252
133 194 244
133 194 244
157 217 255
140 200 254
145 205 255
123 183 243
64 125 189
85 145 211
73 132 201
70 129 199
61 119 194
36 94 169
50 108 183
82 140 212
79 136 205
97 152 219
111 167 232
104 160 225
111 167 232
108 164 229
63 122 184
41 101 161
99 159 219
124 184 243
141 201 255
139 200 255
136 197 253
141 203 255
141 203 255
132 196 250
131 202 252
128 202 250
128 199 249
128 197 247
129 193 247
134 191 246
137 188 244
141 186 243
121 160 215
65 98 154
30 57 113
27 48 103
21 37 90
22 35 87
30 41 91
27 38 88
26 37 89
20 34 87
36 54 107
48 75 126
30 67 117
24 69 120
54 107 158
89 147 199
166 216 255
156 206 255
132 181 243
90 142 202
112 170 222
138 199 249
139 200 250
126 186 238
141 201 255
132 191 247
144 201 255
118 177 239
86 144 209
123 183 249
120 179 248
106 165 235
77 136 206
32 91 163
55 114 186
114 173 243
122 180 246
88 144 209
80 136 201
102 158 223
110 166 231
62 119 181
122 182 242
134 194 253
136 197 253
132 193 249
134 198 252
138 199 255
132 200 253
123 199 248
120 199 248
121 198 247
121 196 248
122 192 245
125 189 244
128 185 241
132 183 239
136 179 236
128 165 221
65 96 151
17 44 95
29 50 101
28 46 93
14 29 75
29 41 89
26 37 87
25 39 91
24 45 96
19 51 100
19 60 109
36 85 135
55 110 161
60 118 170
154 206 252
156 211 255
157 210 255
154 208 255
145 197 255
105 159 219
67 124 179
115 173 225
145 202 255
134 191 247
140 196 255
125 182 243
124 181 243
85 141 206
75 130 197
123 181 247
127 185 251
128 186 252
119 177 243
75 135 201
86 146 212
139 200 255
145 203 255
108 164 229
66 122 187
143 188 245
97 136 191
36 70 123
28 58 107
24 48 94
18 39 84
38 57 102
35 50 99
30 49 100
14 41 91
11 47 95
45 91 139
96 147 197
106 163 215
86 143 198
51 106 163
67 121 181
152 207 252
145 200 243
152 209 254
144 202 251
147 204 255
155 211 255
127 183 242
63 120 176
99 156 211
139 194 251
133 189 248
136 191 252
122 176 239
67 123 188
135 191 255
133 191 255
98 158 218
106 166 226
25 54 99
28 52 98
43 64 115
49 73 125
46 79 129
55 96 145
90 139 189
119 174 225
119 175 230
107 162 219
91 141 201
75 124 186
61 107 171
65 113 179
149 205 254
147 204 249
144 204 246
150 212 253
135 197 243
136 197 247
153 214 255
139 197 255
92 146 206
84 138 198
102 153 215
25 54 105
45 83 137
78 125 177
110 164 217
109 166 221
104 159 216
117 169 229
121 165 228
110 152 217
88 127 195
67 110 177
131 187 234
144 204 246
147 209 249
148 212 253
133 198 243
126 192 241
142 206 255
137 197 255
105 159 220
42 93 149
107 164 219
121 180 236
111 167 226
126 175 237
128 170 235
127 165 230
104 139 207
85 124 192
100 145 213
136 188 248
88 142 195
101 160 206
137 197 239
141 206 245
139 206 245
132 200 243
122 190 237
126 194 247
124 187 245
121 181 241
111 166 227
114 162 226
138 178 243
116 149 218
94 125 194
108 143 211
141 184 251
145 199 255
144 197 254
153 207 255
134 192 241
77 136 182
125 185 231
131 193 239
129 193 241
134 197 248
123 187 242
127 175 239
126 168 235
88 125 193
84 119 187
134 173 241
158 206 255
123 177 240
98 161 222
121 187 246
137 191 238
150 209 249
164 223 255
145 205 247
98 156 205
78 135 190
111 165 228
144 197 255
127 178 248
104 155 218
100 148 214
65 113 179
106 154 218
126 179 242
126 183 245
121 181 241
97 160 220
126 189 249
159 212 255
156 216 252
141 202 236
154 215 255
127 186 236
41 96 157
61 112 182
64 116 182
65 119 184
121 177 242
126 183 245
110 169 231
120 182 242
103 165 225
105 168 228
105 169 227
123 165 230
160 207 255
153 205 251
142 201 240
142 201 241
151 210 255
162 219 255
98 152 213
50 101 171
85 139 204
80 134 199
124 180 245
120 177 239
99 158 220
117 178 240
112 174 234
101 164 224
109 173 231
108 151 214
145 192 246
148 200 247
146 201 246
145 202 247
138 195 246
131 186 243
156 209 255
94 149 216
114 170 235
105 163 228
112 171 233
106 167 229
100 162 222
102 165 223
95 158 216
147 189 254
85 129 190
71 118 172
133 183 235
158 211 255
139 193 246
137 190 247
129 182 245
156 208 255
104 162 227
102 161 223
96 155 217
89 151 211
90 153 211
155 200 255
167 212 255
109 155 213
52 101 157
66 118 171
117 168 224
149 201 255
141 192 254
78 133 200
79 134 201
88 146 211
96 154 219
95 154 216
97 157 217
85 145 204
146 193 249
154 203 255
146 195 251
106 155 211
40 90 148
54 103 165
128 178 244
66 121 188
74 130 195
83 139 204
84 141 203
85 142 203
66 124 183
54 111 172
146 193 249
150 197 253
148 198 251
160 210 255
145 194 250
140 188 246
92 141 203
35 83 149
84 139 206
65 121 186
48 104 169
43 100 162
43 100 161
53 111 170
74 129 190
137 184 238
155 201 255
134 178 241
156 201 255
139 189 242
140 193 244
147 198 254
137 187 247
130 178 244
94 148 213
71 125 188
101 156 217
117 175 234
118 176 235
129 184 245
137 192 253
61 108 164
144 190 248
173 217 255
152 195 255
148 194 255
144 196 249
150 203 254
149 200 255
135 184 246
143 190 255
96 151 212
126 182 241
129 187 246
116 174 233
111 168 229
124 179 240
133 187 248
139 184 245
103 149 207
58 104 162
90 134 197
138 181 248
153 196 255
129 174 242
136 190 245
137 192 243
134 186 246
120 176 235
134 192 251
118 178 237
114 174 233
114 171 232
116 173 234
117 172 233
170 215 255
145 191 249
78 123 184
45 89 153
79 121 190
134 176 251
134 180 251
148 201 255
131 187 242
131 182 244
117 176 232
109 169 228
110 173 231
113 173 233
109 166 227
101 158 219
100 155 216
152 194 255
159 202 255
153 197 255
136 183 239
119 165 223
71 115 179
47 89 158
75 117 192
102 147 220
89 143 204
102 164 218
111 175 230
105 168 226
98 160 220
99 159 219
106 163 224
107 164 225
122 162 237
160 203 255
164 208 255
152 197 254
146 193 247
150 197 253
111 155 218
69 111 180
41 83 158
59 104 177
102 166 221
103 167 225
105 167 227
103 165 225
104 164 224
125 167 238
152 196 255
137 182 239
142 189 241
151 198 249
152 200 252
128 173 234
105 150 217
108 171 222
91 156 211
100 167 224
109 172 232
104 166 226
93 155 215
90 150 210
40 82 159
112 156 227
139 183 247
159 204 255
131 178 234
134 179 236
148 194 252
131 178 240
98 143 211
103 163 222
100 160 220
94 154 214
91 151 211
94 154 214
79 121 204
53 93 175
38 79 158
61 103 180
89 131 206
126 170 241
148 192 255
137 179 250
135 179 250
116 167 230
96 147 210
70 121 184
53 104 167
49 100 162
52 106 167
89 128 213
103 143 226
92 132 215
74 114 196
54 95 174
33 74 153
83 125 202
126 168 245
138 180 255
136 178 253
62 107 174
48 94 158
44 90 154
53 102 164
68 117 179
62 102 190
95 135 223
121 162 247
126 168 251
113 156 237
74 117 196
28 71 150
34 78 155
75 119 196
67 115 181
79 127 193
86 134 198
88 136 200
99 148 210
115 165 225
116 168 228
48 93 180
64 104 193
95 135 224
122 162 250
129 170 255
125 167 250
105 148 229
77 120 199
35 79 156
37 82 156
70 120 186
105 156 219
131 179 243
125 174 236
116 166 226
123 173 233
129 181 241
100 158 230
82 137 212
68 113 200
66 105 197
85 124 216
114 154 243
122 162 250
117 158 243
111 154 235
103 146 225
70 114 191
75 125 191
107 160 223
130 181 244
118 169 231
103 155 215
106 158 218
111 164 221
122 178 249
115 172 241
105 158 231
70 115 202
55 93 187
67 105 199
104 143 235
122 162 251
118 159 244
105 147 230
100 152 218
112 165 228
117 171 232
110 164 225
111 163 223
116 168 228
113 166 223
124 173 251
124 177 250
123 180 249
110 168 234
93 146 219
48 93 180
37 78 171
49 90 183
79 120 212
97 139 228
100 143 230
112 164 230
109 163 226
104 159 220
102 157 218
107 161 221
111 166 223
109 162 219
98 144 228
112 161 241
123 175 251
123 176 249
92 149 218
58 110 186
28 72 161
30 70 166
40 81 174
50 91 184
56 97 189
108 163 224
104 159 220
101 157 216
99 154 211
97 152 209
29 74 165
52 98 186
84 131 215
90 140 222
89 141 218
73 125 202
44 93 173
20 64 153
31 72 165
38 79 172
36 77 170
79 132 195
101 156 217
109 163 224
95 149 209
94 147 204
105 158 215
104 155 211
51 93 192
41 84 181
24 68 163
33 78 169
54 100 188
60 109 195
66 116 199
62 112 195
44 91 175
24 68 159
36 77 169
87 141 201
86 140 200
88 141 198
90 143 200
83 136 193
83 134 190
75 118 221
72 117 215
66 111 208
39 85 180
28 72 167
29 73 166
30 75 166
37 82 173
40 85 176
32 78 166
26 70 161
72 124 184
69 121 181
79 129 187
95 145 203
88 139 195
83 132 188
51 96 201
74 119 222
88 132 233
90 135 232
93 139 234
64 110 205
38 82 177
24 68 161
19 63 156
21 65 158
23 67 162
87 134 195
59 107 165
37 87 145
52 101 157
52 101 157
39 88 144
42 91 147
19 63 170
29 74 177
52 98 199
76 124 220
91 139 234
96 145 237
93 143 233
71 121 211
44 91 182
27 74 166
25 69 162
85 130 191
43 89 147
23 71 129
40 87 143
49 96 152
46 93 147
52 99 153
24 69 174
19 64 167
19 65 166
32 79 177
55 103 198
76 125 217
87 137 225
91 141 229
87 138 224
72 123 209
45 93 181
27 74 165
28 72 165
42 86 145
78 124 182
104 151 207
103 150 206
108 155 209
123 170 224
55 98 207
49 95 196
35 83 179
24 72 167
30 79 171
47 100 187
66 120 205
74 128 211
74 129 210
78 131 212
68 120 203
39 88 174
63 105 164
122 166 225
132 177 234
119 164 221
119 166 220
120 167 221
63 107 214
71 117 225
72 120 225
84 133 231
57 108 202
30 79 171
23 72 164
39 89 179
57 107 195
64 115 201
64 113 199
67 116 202
60 107 193
82 124 183
123 167 226
114 159 216
115 162 218
127 174 230
110 160 213
123 172 228
60 112 212
66 123 222
71 129 225
72 126 220
57 109 203
37 87 183
27 75 171
31 76 174
41 83 182
48 89 188
53 92 191
90 136 194
128 176 234
114 165 221
97 148 204
110 161 217
39 75 175
46 88 187
53 102 200
59 114 211
61 122 216
64 125 219
75 129 223
58 110 204
35 85 181
22 68 169
23 64 167
26 65 169
29 77 135
98 146 204
130 180 238
111 165 220
125 179 234
26 58 158
28 61 164
32 70 172
41 83 184
49 96 194
55 106 203
56 112 207
60 114 209
62 113 209
48 96 192
30 75 173
22 64 165
61 108 169
55 103 161
70 120 178
81 135 190
88 142 197
21 56 159
19 57 159
21 61 163
29 71 172
39 84 182
47 94 192
51 101 197
53 103 199
48 96 192
37 82 179
123 168 229
102 147 208
60 108 166
47 97 155
59 110 166
58 112 167
75 128 185
32 73 172
32 72 174
29 68 172
24 63 167
18 60 161
20 62 163
29 71 170
39 81 180
46 89 186
48 91 188
69 114 175
112 160 218
120 170 228
96 146 204
95 145 203
46 90 191
48 92 193
41 84 187
30 73 176
19 61 162
14 56 155
18 59 158
26 65 163
30 69 167
31 70 168
85 130 191
134 181 242
143 191 249
126 176 234
121 171 229
42 83 182
51 95 196
56 102 203
59 104 207
47 95 197
35 80 183
21 65 166
13 55 154
16 55 154
20 57 155
81 124 187
136 181 242
123 170 231
108 155 216
117 167 225
113 163 221
107 157 215
32 62 163
38 72 172
44 84 186
51 95 196
55 100 203
54 103 205
53 102 204
39 89 189
26 73 171
20 63 160
127 170 233
122 167 228
114 161 222
111 159 217
114 164 222
114 164 222
25 54 159
30 52 157
34 57 159
37 65 166
42 75 178
45 84 188
50 93 196
51 99 201
52 101 203
54 104 204
35 85 185
19 66 164
15 60 157
121 164 227
117 162 223
119 166 227
106 154 212
112 160 218
109 157 215
41 73 180
44 74 179
46 73 177
39 62 164
38 61 163
34 61 165
34 67 170
40 77 181
45 88 191
48 96 198
49 99 199
45 95 195
28 79 176
118 160 225
117 161 224
107 152 213
101 149 207
122 170 228
112 160 218
80 128 186
40 75 179
54 87 190
63 95 195
66 97 196
52 77 179
42 67 169
28 57 161
25 58 161
30 68 170
37 79 180
39 85 186
37 88 185
28 79 176
83 127 190
110 155 216
101 149 207
78 126 184
57 105 163
38 86 144
24 58 165
33 70 174
47 85 187
62 99 197
70 105 202
74 107 204
60 91 190
44 74 175
27 58 161
18 53 156
24 62 164
30 72 171
30 75 173
37 79 144
65 110 171
57 102 163
11 59 117
21 69 127
44 92 150
24 53 162
28 62 169
39 77 179
52 91 190
61 100 198
63 103 199
65 103 199
58 93 191
42 76 176
24 60 160
18 57 156
25 66 165
33 74 173
31 73 138
27 72 133
49 94 155
55 101 159
69 116 172
97 144 200
127 171 230
24 47 157
21 46 156
24 53 162
30 64 171
38 78 180
48 89 188
52 94 190
51 93 189
51 91 187
45 84 182
32 71 170
20 59 158
17 58 157
44 86 151
71 114 177
108 153 214
115 161 219
111 158 214
125 172 228
127 171 230
27 49 161
16 43 154
19 50 159
25 61 168
33 74 177
41 83 182
43 87 182
42 86 181
40 84 179
42 84 149
104 147 210
130 175 236
107 153 211
113 160 216
117 164 220
115 159 218
28 56 164
30 55 165
29 53 165
15 42 153
17 48 157
21 57 164
29 68 172
36 77 176
39 81 178
41 81 177
46 84 149
93 133 198
121 165 226
123 169 227
117 164 220
108 155 211
111 156 213
27 67 169
20 57 161
27 59 166
38 67 175
39 68 177
32 61 170
22 51 160
20 49 158
20 49 157
22 54 159
28 61 164
32 66 166
34 66 165
58 96 161
95 135 200
121 165 226
119 163 222
114 159 216
95 142 198
26 67 166
28 63 166
22 57 161
20 55 159
29 61 168
39 71 178
39 70 179
33 64 173
24 53 162
23 52 160
22 51 159
20 50 155
19 50 153
45 80 148
54 93 161
88 131 194
107 151 212
110 155 212
112 159 215
20 71 167
15 63 159
13 51 153
19 51 156
21 53 158
25 57 162
34 66 173
41 73 180
39 71 178
32 64 171
21 53 160
22 54 159
21 54 157
19 53 153
66 101 174
44 83 152
53 95 160
78 121 184
86 132 190
98 144 202
92 138 196
20 62 163
15 57 156
10 50 152
14 49 153
21 51 156
26 56 161
32 64 169
39 71 178
39 71 178
33 65 172
25 57 162
17 52 155
57 96 170
24 66 135
36 80 144
39 83 146
42 87 148
32 77 138
17 49 156
15 47 154
15 49 156
13 48 152
9 44 148
19 48 156
22 50 158
28 56 164
35 64 172
38 67 175
33 65 172
26 58 163
18 53 157
47 86 164
17 59 134
29 74 142
23 69 133
17 64 126
11 58 120
24 48 160
28 52 164
23 50 160
22 49 160
23 52 161
22 51 160
18 47 156
19 45 153
19 45 153
22 48 156
27 55 163
31 59 167
26 56 161
27 67 150
48 91 170
82 127 200
72 119 187
64 112 178
60 105 172
45 87 156
42 63 178
36 57 172
26 47 162
31 55 169
36 60 174
35 62 173
36 62 176
37 64 175
33 60 171
27 54 165
21 44 154
19 40 149
19 41 147
33 76 163
83 127 210
116 162 239
114 162 234
106 152 223
103 148 216
86 128 199
46 67 182
40 64 178
34 58 172
19 43 157
28 52 166
36 62 176
41 67 181
44 70 184
42 69 183
36 63 177
31 55 167
26 47 156
21 41 148
18 38 145
89 136 222
95 144 224
106 155 231
96 143 217
97 142 215
112 154 229
34 60 174
36 62 176
32 58 172
27 53 167
15 42 156
26 53 167
37 64 178
44 71 185
47 74 188
45 75 188
39 69 182
35 62 173
34 54 161
79 126 217
95 145 228
105 154 234
107 156 232
99 146 220
94 136 213
20 47 161
21 51 164
26 53 167
24 54 167
21 48 162
14 44 157
19 49 162
29 59 172
39 69 182
44 74 185
47 77 190
47 77 188
68 117 209
84 134 222
94 144 227
97 146 226
88 136 214
79 122 203
65 105 187
23 52 167
21 50 165
19 50 165
22 52 165
18 50 163
15 45 158
9 41 154
20 53 163
28 61 171
36 69 179
40 73 182
42 75 185
70 122 212
80 131 217
86 134 216
76 123 204
66 108 191
51 90 175
29 69 175
21 55 168
23 54 169
25 54 169
25 56 171
28 58 171
24 56 169
21 51 164
15 48 158
20 50 161
28 59 168
34 65 174
48 101 192
56 109 196
61 110 196
55 101 185
44 87 174
34 74 162
40 82 183
26 62 170
21 51 164
24 52 170
30 57 172
32 61 176
35 62 176
30 60 173
26 54 165
19 50 159
18 47 156
23 75 169
27 79 169
31 79 167
27 74 160
22 64 153
18 57 149
16 50 144
50 98 193
36 73 177
26 56 167
20 47 162
25 49 168
30 55 171
33 58 174
33 59 173
29 56 167
23 50 161
19 46 156
19 70 162
19 69 159
20 66 154
19 60 152
16 54 148
48 103 188
39 82 179
30 62 169
24 50 164
21 44 160
24 46 165
27 49 168
28 51 167
27 51 165
25 49 161
32 85 176
33 83 173
36 81 172
33 76 169
28 66 160
54 121 196
47 106 186
38 85 177
30 66 166
26 51 161
25 44 159
23 41 158
22 42 161
24 44 161
22 46 160
20 47 158
49 103 198
47 99 193
47 96 188
50 94 187
46 89 182
34 75 168
20 55 152
51 109 198
48 99 191
38 82 177
28 61 164
23 47 153
24 41 152
27 41 154
24 38 156
23 41 158
22 46 160
52 103 197
53 101 196
56 100 193
52 95 188
44 85 177
44 97 194
41 92 189
41 87 188
38 78 180
32 64 169
25 51 159
23 43 152
26 40 152
30 41 155
20 35 151
21 42 157
53 104 198
55 103 198
56 102 197
57 101 194
53 97 188
42 84 173
24 66 155
32 76 177
32 76 177
25 69 170
24 63 167
21 56 160
18 47 155
19 42 151
21 40 151
27 41 153
27 44 155
48 96 191
53 97 192
54 97 190
50 91 183
39 79 168
25 60 164
24 61 165
23 60 164
22 59 163
16 51 155
15 47 154
14 43 151
16 42 150
21 41 152
24 43 154
26 43 154
31 80 172
32 79 171
38 81 174
43 84 176
41 81 170
32 70 158
20 56 144
19 47 155
20 48 156
18 46 154
17 43 151
17 43 151
17 42 152
21 44 154
25 45 156
28 47 158
14 59 150
20 61 153
30 67 157
31 66 156
23 59 147
16 42 156
18 45 155
20 47 157
23 48 158
24 46 158
23 43 155
21 39 152
21 37 150
25 41 154
28 45 156
32 49 160
35 52 163
32 51 162
8 50 139
12 49 139
21 57 145
23 57 146
20 53 139
20 46 164
22 44 163
23 49 163
28 55 166
35 59 171
37 59 171
35 53 168
30 45 161
30 40 157
29 38 155
32 41 158
36 46 160
40 52 164
20 64 153
15 55 144
15 50 140
20 54 143
24 54 141
20 51 136
27 56 141
43 86 195
31 65 178
25 52 167
22 48 162
23 51 162
30 58 169
41 65 179
44 63 178
40 55 171
35 45 162
30 38 157
31 38 155
37 41 159
26 63 153
22 56 145
25 58 144
27 55 142
24 51 137
31 59 143
75 148 234
71 136 228
58 116 212
45 90 193
32 68 175
27 56 165
24 51 161
29 57 168
33 61 172
38 62 174
36 58 170
34 52 167
35 48 164
30 39 156
23 58 148
24 56 145
25 55 142
25 52 139
25 50 136
31 57 141
39 67 154
78 160 232
80 158 235
76 149 231
68 135 222
58 115 208
46 93 191
33 73 175
24 56 161
18 47 155
22 53 162
26 57 166
30 59 168
30 54 166
30 50 162
31 47 160
29 39 156
19 53 143
25 54 145
29 56 146
26 53 140
23 48 134
27 50 136
29 57 144
88 159 227
81 156 225
75 150 224
79 151 228
73 142 222
62 126 211
53 108 199
43 91 186
31 73 170
19 55 155
12 45 148
16 51 155
21 56 160
25 57 164
24 53 162
24 51 161
20 51 142
28 57 148
33 60 150
30 56 146
24 48 136
23 46 132
20 48 135
30 67 159
82 150 223
76 144 219
71 139 214
69 137 214
63 128 209
56 116 200
45 98 188
33 79 174
22 64 161
16 52 152
11 47 147
18 57 156
23 62 161
37 63 157
38 65 156
33 58 150
26 50 140
21 45 133
16 43 133
79 137 219
75 136 216
70 131 211
64 125 205
60 120 202
60 117 202
53 106 193
38 88 178
22 66 161
12 54 151
14 53 152
17 56 155
41 66 162
37 63 157
30 55 147
24 50 140
20 46 136
17 44 135
57 113 208
62 117 208
62 118 207
61 118 204
58 113 198
52 107 192
53 106 193
54 104 192
46 93 184
30 74 167
14 56 153
9 50 149
41 66 164
32 57 153
25 50 144
22 47 139
22 47 139
21 48 139
22 47 143
23 81 184
34 89 193
39 94 193
42 96 191
44 96 190
42 93 185
39 89 179
40 87 178
37 81 174
15 57 154
29 54 150
22 48 142
24 51 142
27 54 145
28 53 145
24 44 163
12 52 164
16 63 171
27 73 180
32 77 182
38 80 181
40 81 180
39 78 176
37 75 171
40 64 164
29 54 152
24 49 145
29 54 148
33 58 150
34 59 151
17 42 136
27 39 163
24 37 159
14 41 152
14 46 153
21 50 158
29 55 161
35 57 163
36 56 163
37 56 161
33 56 158
17 41 141
21 45 141
42 64 159
46 69 161
30 57 148
18 53 143
25 68 177
27 56 171
27 42 164
24 35 156
21 41 152
19 43 149
21 43 149
22 42 149
26 41 151
29 40 151
30 42 150
12 36 136
17 40 139
32 54 150
37 57 152
22 49 140
32 76 183
30 62 175
29 46 166
21 38 155
26 51 161
20 49 154
16 42 150
15 36 145
16 33 143
13 38 140
12 36 136
17 40 139
23 47 143
25 47 142
17 43 137
16 51 141
45 109 203
36 92 193
28 75 180
24 59 169
24 48 162
22 44 156
26 55 163
20 52 157
15 44 152
12 38 146
13 42 141
20 46 146
25 50 148
25 49 145
21 45 141
20 46 140
22 50 144
52 115 205
45 107 201
31 88 187
19 67 169
13 52 156
18 47 155
21 50 158
16 53 157
12 51 155
29 58 157
35 62 160
31 56 152
25 50 146
24 50 144
60 115 206
49 109 199
45 106 199
38 96 191
23 78 175
11 60 158
10 52 151
19 55 155
26 61 164
22 64 165
35 66 165
41 70 168
37 64 162
30 55 153
24 49 145
68 115 207
66 112 207
59 107 202
57 107 203
44 98 193
37 91 185
25 79 174
16 68 162
12 63 157
20 66 161
34 76 172
32 64 163
40 71 170
45 74 173
42 71 169
33 60 158
24 49 145
27 52 146
22 67 164
40 85 182
54 99 197
53 98 196
49 94 192
48 95 193
41 88 186
27 77 173
13 64 158
8 59 151
19 69 159
36 83 174
53 99 187
42 74 173
46 77 176
47 76 175
37 64 162
21 48 146
16 63 161
19 66 164
27 73 174
33 77 178
34 78 179
38 80 181
28 70 169
14 57 154
7 51 144
17 64 155
40 88 176
35 70 168
45 77 176
46 77 176
38 69 168
28 57 155
19 48 146
26 56 151
32 77 175
14 61 159
11 57 158
14 60 161
15 60 163
18 59 162
20 60 162
18 57 156
11 51 147
15 53 147
31 73 162
37 69 168
41 73 172
37 68 167
28 59 158
23 52 150
18 50 147
32 64 159
30 75 172
13 61 157
6 55 153
5 54 152
5 51 152
5 47 148
6 44 146
9 44 142
11 45 139
31 62 161
32 63 162
25 54 153
17 46 145
15 44 142
15 47 144
29 65 159
21 72 164
19 71 165
19 70 166
14 64 160
12 54 153
10 46 146
8 40 137
14 42 137
21 50 149
21 50 149
15 44 143
10 39 138
10 39 137
10 42 139
19 57 151
40 94 181
44 100 189
43 98 189
36 89 180
28 72 167
23 58 155
17 46 145
17 46 144
15 44 142
14 43 141
11 43 140
59 118 204
27 53 153
29 56 154
25 54 152
22 51 149
17 49 146
41 64 164
42 66 166
37 64 162
32 59 157
26 56 151
25 55 150
16 48 145
48 74 174
38 67 166
29 58 156
26 55 153
25 57 154
37 70 173
39 72 175
32 63 166
23 55 155
26 56 157
34 65 168
40 73 183
29 66 170
24 59 162
21 54 157
31 61 162
40 70 175
21 58 162
19 54 157
21 54 157
35 64 168
47 77 182
22 63 166
16 55 159
15 50 153
19 52 155
34 65 168
48 78 183
50 83 192
30 71 174
19 58 162
15 50 154
17 49 154
30 60 165
42 72 177
40 74 181
23 64 167
16 53 157
15 50 154
23 55 160
32 64 169
25 69 170
18 57 161
17 52 156
21 53 158
27 59 164
36 85 183
25 71 172
21 61 163
17 55 157
19 54 158
23 58 162
18 55 159
28 79 175
22 71 169
24 66 165
28 69 168
22 60 162
24 62 164
26 65 171
25 79 173
24 75 171
28 73 170
31 74 171
20 62 159
22 63 162
22 63 166
30 87 178
36 90 184
43 91 186
42 88 183
24 68 161
24 68 163
28 74 175
60 116 205
69 121 211
60 110 200
31 78 169
27 77 167
72 134 218
83 142 228
95 149 236
78 132 217
40 91 177
36 90 175
72 131 217
94 154 236
105 163 245
87 143 225
46 100 183
47 103 184
87 150 230
88 149 229
99 158 238
84 141 220
46 103 182
53 113 189
87 156 226
86 145 225
80 139 218
92 149 228
78 134 213
45 101 178
59 117 192
92 160 227
84 136 213
89 138 216
60 109 187
39 88 168
57 109 185
88 152 216
83 152 209
75 121 199
77 123 201
51 97 175
34 77 158
49 98 174
78 138 204
60 103 184
61 104 185
41 84 165
29 69 152
40 86 164
64 119 192
75 134 203
43 83 166
42 82 165
32 69 153
25 62 147
32 74 157
51 100 180
69 124 199
24 60 148
21 56 142
20 54 143
22 60 148
33 77 166
56 103 189
75 122 204
18 52 142
20 54 144
25 56 149
22 56 149
20 60 156
35 77 173
51 92 184
27 58 151
34 62 157
24 56 153
19 55 155
20 60 162
30 69 167
37 75 171
26 55 153
33 60 158
21 52 151
22 59 163
17 56 162
20 58 160
28 64 164
33 68 165
18 47 146
21 53 153
18 57 163
16 56 162
19 56 160
19 57 159
21 57 157
29 60 159
32 66 166
22 63 166
14 59 162
16 57 160
18 58 160
25 64 163
29 70 169
39 81 178
28 77 177
21 72 169
18 65 163
19 64 161
26 69 166
30 73 170
39 84 181
27 81 175
23 82 175
26 81 172
26 77 169
28 77 169
28 77 169
31 83 177
24 88 173
32 100 183
42 106 190
44 104 188
43 98 183
40 93 180
38 95 186
53 122 202
63 138 214
75 145 222
72 138 216
66 127 207
60 118 200
49 106 192
85 160 236
95 173 242
102 177 246
99 168 241
93 158 233
88 149 229
74 134 218
95 170 244
103 182 249
107 186 249
107 181 245
111 182 246
115 183 248
105 169 240
103 178 254
102 180 246
104 183 240
112 188 240
120 195 239
123 197 239
123 191 236
119 185 234
99 176 239
102 179 235
106 184 230
110 190 227
115 192 224
118 190 224
99 173 237
103 180 236
104 184 231
105 185 226
107 185 222
110 185 224
103 182 231
101 182 227