5 10 89
6 11 86
4 9 111
10 14 109
8 11 102
10 13 98
9 14 93
8 14 89
8 19 87
0 4 117
3 6 114
10 12 114
13 14 112
10 13 104
6 11 96
7 14 94
9 19 97
6 17 91
1 10 84
3 11 88
18 24 101
1 3 133
4 6 130
10 9 129
0 0 113
6 5 115
5 6 110
0 2 102
6 10 105
16 24 114
14 22 111
3 13 97
0 7 87
8 18 96
12 19 98
0 7 86
0 0 78
0 2 81
1 8 87
6 11 90
11 16 95
12 16 95
0 0 139
0 0 131
0 0 126
0 0 123
6 3 126
4 2 121
0 0 111
5 6 116
18 21 129
16 20 125
1 7 106
0 5 94
0 0 83
0 0 79
0 4 86
4 12 95
5 13 96
0 7 90
0 1 81
0 5 85
0 0 79
0 4 84
4 11 91
2 6 87
17 11 160
15 8 153
15 9 150
20 13 152
15 9 144
3 1 131
5 4 132
10 12 137
5 7 132
0 0 111
1 10 108
37 46 136
67 76 166
73 82 172
71 79 168
71 79 168
65 73 162
54 63 150
49 56 143
28 35 122
18 25 110
16 23 108
11 17 100
10 16 99
10 16 99
31 22 179
32 24 179
20 12 166
20 13 164
18 12 159
12 7 152
11 7 150
10 8 151
7 6 146
2 4 134
68 75 186
146 156 255
187 197 255
147 157 255
100 108 209
98 107 205
112 121 219
113 122 219
80 88 182
47 55 149
23 31 124
13 22 112
3 11 101
0 8 98
2 10 100
0 6 95
4 7 92
4 8 91
5 8 89
3 9 80
13 5 166
8 6 160
15 16 160
53 59 184
78 85 200
75 82 197
40 48 161
18 24 137
22 29 140
26 33 144
18 25 134
28 34 141
2 8 115
0 0 102
0 0 103
0 0 101
0 0 102
3 8 110
5 10 109
1 2 100
1 3 98
3 3 97
1 4 95
2 3 93
0 5 90
1 5 88
0 6 85
0 6 83
0 10 78
3 13 77
6 14 74
8 17 74
0 3 132
12 16 141
25 30 152
10 14 133
10 14 132
17 22 137
10 15 130
1 7 120
3 7 120
1 5 117
6 4 117
6 5 115
8 5 114
6 6 112
7 6 110
5 7 107
7 8 106
4 9 102
4 8 97
1 8 93
1 7 90
0 8 86
0 7 84
0 7 81
0 7 81
0 7 80
4 10 75
6 14 74
6 17 74
6 19 71
5 23 64
82 83 217
94 96 228
52 54 184
24 27 155
23 24 152
0 1 129
10 5 134
10 6 132
11 5 130
9 6 129
11 6 127
8 7 123
10 7 122
8 9 119
8 8 114
11 15 117
4 6 106
0 4 99
6 11 102
0 4 93
0 0 86
4 11 96
6 10 88
6 12 83
5 13 80
2 13 73
2 16 68
5 21 68
7 26 69
5 29 71
0 54 110
52 49 194
28 26 169
13 11 154
15 13 156
3 0 140
11 3 144
11 4 143
12 3 143
10 3 140
11 4 139
10 5 138
10 5 134
9 6 132
0 0 116
7 7 125
10 9 125
0 0 110
0 0 107
13 17 122
15 18 122
0 2 101
2 5 96
2 7 92
4 11 91
5 14 87
6 16 80
4 16 74
5 22 73
6 27 78
12 39 90
0 19 72
0 33 92
0 32 98
0 68 140
20 166 242
16 171 234
4 0 155
9 4 157
8 0 154
12 3 154
12 3 153
13 2 152
11 2 152
13 3 150
10 3 148
12 2 148
10 4 145
21 14 153
8 4 139
13 8 139
16 15 141
9 7 131
5 6 128
9 8 128
2 2 118
3 6 115
3 6 110
6 12 109
12 17 108
11 18 98
4 13 86
8 17 84
11 26 89
7 28 90
0 18 82
0 13 79
0 40 110
21 118 192
50 168 247
33 168 250
40 188 255
18 173 236
54 214 255
53 211 255
15 173 221
13 2 159
13 2 159
11 0 156
13 5 152
9 3 146
7 1 142
9 5 141
3 0 134
1 0 131
12 12 142
8 10 135
3 7 126
3 9 122
12 16 121
12 18 115
9 13 102
12 16 97
14 24 101
0 14 90
3 32 106
0 33 105
5 76 150
56 150 226
24 139 219
0 113 194
14 163 237
0 140 200
17 175 228
4 160 213
0 145 194
48 201 246
38 190 231
9 159 196
0 0 140
3 1 144
1 4 143
0 2 137
1 6 128
8 9 123
11 12 116
14 16 111
16 19 110
13 23 110
8 32 114
6 52 130
17 85 162
20 112 189
16 131 206
15 150 226
12 160 230
0 139 198
6 164 217
27 183 236
0 147 196
0 143 188
14 164 205
0 141 179
18 164 199
25 170 202
25 170 196
9 8 124
11 19 113
0 20 108
0 23 106
3 69 147
24 115 190
18 133 206
36 173 242
62 210 255
41 195 254
25 180 235
91 245 255
34 188 237
6 157 202
74 222 255
5 150 188
0 130 165
6 147 180
7 150 178
0 125 152
6 149 176
0 141 168
56 199 226
38 187 207
31 178 198
70 217 237
0 14 99
8 122 192
18 154 220
73 223 255
58 213 255
5 160 215
54 208 255
28 179 229
1 149 196
66 211 255
24 166 207
37 178 215
44 184 220
0 119 150
1 141 170
28 168 197
48 189 216
0 134 161
0 134 161
9 160 181
0 149 168
72 223 243
74 224 241
0 143 160
15 163 180
3 148 169
0 124 144
8 153 178
0 126 152
1 150 184
33 175 236
0 143 199
0 117 171
4 153 203
45 193 240
0 144 190
0 131 173
4 147 185
74 214 251
92 231 255
0 130 162
9 143 173
21 156 184
27 162 190
0 125 151
7 144 170
16 158 181
10 155 176
0 143 163
0 132 149
0 141 158
18 163 184
90 235 255
28 173 195
36 181 203
100 245 255
60 207 233
0 133 160
18 166 196
27 177 208
0 128 162
1 151 187
14 185 229
48 186 233
85 228 255
52 196 238
0 126 164
0 113 150
6 146 182
21 156 188
0 123 152
4 129 157
31 157 182
18 145 170
60 190 213
56 188 211
38 173 193
90 225 245
0 130 152
24 162 184
7 147 170
0 141 166
23 164 191
6 151 177
61 207 235
53 203 233
0 150 179
73 225 255
83 236 255
11 167 197
7 162 195
59 215 251
16 169 214
1 156 205
0 152 202
8 170 222
11 187 247
4 144 181
0 108 137
11 130 156
46 164 189
23 143 165
26 148 170
0 112 133
5 133 154
17 147 170
94 226 249
42 176 200
13 150 176
62 203 230
0 128 156
0 134 164
5 155 185
0 141 172
12 165 196
59 215 245
10 166 196
34 192 222
85 241 255
51 200 244
0 149 199
0 146 197
55 213 255
0 161 215
0 146 204
12 186 246
47 218 255
66 232 255
0 129 198
0 78 161
0 106 132
0 114 134
0 111 131
0 91 112
0 127 150
6 138 162
37 173 199
118 255 255
24 167 194
40 184 212
82 231 255
45 198 227
0 126 155
3 159 189
0 155 185
0 151 181
3 159 194
27 176 220
4 154 201
11 165 214
71 230 255
73 237 255
24 194 248
0 162 220
18 190 250
32 201 255
37 202 255
25 181 247
28 175 243
20 159 228
0 92 162
0 95 166
61 191 255
34 162 237
0 74 153
0 82 168
9 124 211
7 49 118
9 41 106
8 130 152
50 186 212
12 151 178
47 197 227
5 158 187
29 182 213
50 208 238
0 135 165
0 129 164
16 168 209
25 178 223
16 172 218
15 177 225
22 186 238
10 178 231
0 162 218
0 170 228
0 162 223
42 202 255
43 196 255
32 177 245
32 166 236
0 116 187
0 102 174
34 157 225
54 178 249
12 133 212
4 124 207
7 120 206
0 43 120
0 39 109
8 52 116
8 39 102
0 6 68
27 42 104
15 25 89
5 17 83
84 237 255
13 172 206
78 233 255
73 230 255
27 187 229
0 140 185
0 166 217
0 165 219
0 158 217
0 150 212
26 182 247
23 172 239
19 159 228
42 173 246
23 146 220
0 110 185
9 125 196
28 143 210
0 110 177
22 140 211
31 149 226
15 132 213
22 134 218
0 80 162
22 97 171
12 71 140
23 67 130
0 29 90
0 8 69
15 26 88
0 5 70
23 29 94
7 16 83
5 16 84
5 15 85
73 232 255
61 228 255
58 223 255
3 165 223
0 150 210
0 153 216
1 146 214
26 163 232
61 189 255
53 174 248
38 155 230
0 87 155
3 116 189
23 137 214
2 119 200
33 145 229
15 109 185
74 151 224
59 120 188
17 61 125
0 31 94
10 28 91
0 6 70
25 28 96
10 13 81
7 16 83
5 17 83
5 16 84
4 13 87
8 167 225
0 101 170
0 90 160
0 117 191
26 145 220
6 121 196
0 86 157
45 155 231
69 182 255
52 168 252
55 168 254
40 121 196
32 97 166
0 44 110
0 32 98
16 35 102
0 9 77
25 27 98
4 6 77
7 16 84
5 17 83
5 16 84
4 14 84
4 14 84
3 12 85
3 12 86
6 13 93
63 184 255
70 182 255
0 71 148
0 43 116
0 37 107
0 21 91
0 15 88
8 19 93
3 7 85
20 23 98
7 16 84
5 17 83
5 16 84
4 15 83
4 14 84
3 13 83
3 12 85
3 12 86
6 14 91
6 13 92
6 13 93
6 12 95
6 11 96
6 11 96
0 44 117
0 26 100
2 15 94
4 11 96
4 11 91
7 17 87
6 18 84
5 17 83
4 16 82
3 14 82
2 12 82
2 11 84
2 11 85
5 13 90
5 12 91
5 12 92
5 12 92
5 11 94
5 11 94
5 10 95
5 9 97
5 10 101
9 19 103
6 18 90
6 17 85
4 15 83
3 14 82
4 15 83
5 15 85
5 14 87
1 10 84
1 9 86
3 10 89
4 11 91
6 12 95
7 12 97
8 13 98
7 13 102
2 8 103
7 10 119
6 16 86
4 15 83
4 15 83
5 16 84
7 17 87
8 17 90
2 11 85
2 10 87
3 10 89
5 12 92
7 13 96
8 13 98
9 13 101
8 13 104
3 8 107
3 8 111
7 10 118
10 13 122
14 16 128
17 17 133
18 18 136
3 13 83
8 17 90
7 16 90
7 15 92
7 14 93
8 14 97
8 13 98
8 12 100
8 12 101
6 11 104
3 7 109
5 8 116
7 10 119
9 11 123
11 12 126
12 12 130
24 18 159
17 13 156
9 17 94
9 15 98
9 13 101
9 13 102
9 12 103
7 11 106
2 7 110
0 6 113
0 6 113
0 6 113
0 4 113
0 2 114
0 2 114
3 4 118
11 11 129
11 10 130
15 12 135
13 11 135
11 12 140
10 15 144
10 13 104
12 14 108
6 12 117
4 10 115
2 8 113
2 5 113
1 4 112
3 6 114
4 6 114
6 6 112
8 8 116
5 6 120
0 2 121
3 0 128
8 15 118
8 15 118
6 13 116
7 12 114
6 11 113
4 9 108
3 8 107
5 9 104
8 9 100
8 9 100
1 6 105
0 3 112
0 3 124
2 3 153
6 1 146
8 1 140
16 6 142
11 2 136
4 10 109
4 9 100
6 10 99
8 10 94
4 6 90
1 3 97
3 6 110
9 8 166
13 8 161
10 1 151
15 5 151
11 1 145
5 9 98
7 9 97
6 6 90
12 9 95
11 10 102
5 4 107
9 6 169
3 0 163
5 0 161
7 2 161
10 3 160
9 3 158
14 7 158
4 0 119
4 1 117
11 10 96
14 12 101
4 0 165
4 0 165
3 0 164
1 0 159
0 0 154
12 6 147
10 3 142
11 4 139
9 2 136
8 0 130
5 0 125
0 4 99
0 5 98
8 6 172
11 10 174
12 11 175
12 9 172
9 8 171
8 6 155
9 6 152
11 7 150
11 8 148
13 8 147
12 8 144
3 1 120
2 1 117
1 2 114
1 2 112
1 2 112
1 2 112
0 0 162
1 2 160
0 2 156
1 1 155
4 3 153
6 4 153
6 5 151
9 6 152
8 5 150
9 0 140
7 1 136
7 1 132
5 1 130
6 2 127
5 3 127
22 25 187
24 26 188
23 26 185
22 23 181
19 21 176
16 15 171
14 0 165
14 0 160
11 0 156
12 0 152
9 2 147
11 3 144
9 4 143
8 1 138
2 0 135
24 27 195
35 37 202
34 36 201
32 33 197
28 29 193
25 24 187
16 0 172
13 0 168
15 1 166
12 3 160
15 5 159
13 7 156
9 2 147
6 1 146
6 0 144
7 0 140
15 6 140
2 8 133
5 6 174
7 7 175
15 0 177
13 0 175
14 1 171
13 4 168
15 5 165
14 7 164
9 2 153
10 5 156
11 4 155
12 3 153
4 0 136
14 8 143
7 6 139
0 1 133
0 1 134
3 9 146
13 2 172
13 3 169
9 3 158
12 5 162
14 7 164
11 4 161
9 1 156
17 6 156
13 3 149
7 1 144
0 0 139
0 0 138
0 1 139
0 1 140
13 39 169
32 76 193
10 4 165
10 3 167
10 3 167
12 3 167
14 3 165
12 3 160
9 4 157
8 6 155
8 8 154
6 8 150
4 1 146
0 0 140
0 0 127
0 5 139
9 31 156
16 53 165
43 95 196
63 126 218
30 169 255
9 2 167
9 2 167
9 1 168
9 1 168
13 3 170
9 3 164
7 4 160
6 5 155
5 4 150
6 1 146
5 2 141
0 0 132
0 1 122
0 24 133
9 54 151
16 75 161
0 120 206
15 152 238
34 173 255
5 147 232
0 135 217
3 179 244
10 192 251
23 203 244
9 0 166
10 4 169
8 4 163
7 5 158
9 5 154
15 8 153
13 4 145
25 18 155
7 8 136
0 4 122
0 21 126
0 16 112
0 25 107
0 66 144
55 190 255
74 209 255
45 180 255
0 131 214
0 119 202
14 175 251
5 175 246
9 187 252
2 187 245
5 191 245
0 183 233
23 203 245
37 215 255
29 205 246
0 166 206
3 178 218
9 6 159
4 0 133
0 0 124
0 11 129
0 21 126
0 13 108
0 46 131
6 122 206
11 142 229
25 156 243
34 166 250
6 140 224
0 130 211
15 165 243
15 176 250
21 194 255
14 194 255
1 188 246
0 186 240
0 179 229
0 171 217
18 187 231
21 193 235
0 168 208
2 175 215
0 152 181
12 175 200
22 21 155
17 23 152
7 27 146
0 15 123
0 37 134
39 103 191
0 93 178
18 143 228
37 162 247
0 128 213
0 138 220
12 162 240
7 171 243
23 198 255
5 191 252
5 191 251
18 203 255
29 207 255
11 182 233
5 166 218
29 189 237
37 206 250
22 195 235
8 178 219
34 205 243
9 174 207
50 213 245
5 165 195
0 150 176
0 142 166
0 156 179
0 152 173
1 155 174
47 201 220
0 19 141
0 2 113
0 100 186
55 174 255
51 173 255
0 117 201
2 139 219
1 165 237
9 186 253
0 177 238
0 184 243
18 203 255
43 219 255
6 158 213
32 185 236
44 208 253
25 197 239
0 151 192
0 156 191
22 183 215
37 195 225
27 183 212
8 163 189
0 139 162
0 141 165
0 149 170
9 160 180
54 205 225
32 181 201
12 163 183
28 182 201
37 195 213
36 153 238
2 166 238
0 177 244
0 169 230
0 170 229
0 175 231
22 195 251
0 137 193
12 160 214
17 180 225
12 182 224
0 148 189
0 164 199
9 171 206
0 151 183
0 155 185
27 183 212
50 203 230
29 181 205
21 171 195
12 160 182
0 132 154
0 146 168
0 143 163
0 147 167
0 147 167
1 152 172
0 155 176
0 149 169
0 153 175
4 182 213
0 170 234
0 163 223
0 155 203
75 234 255
17 174 207
0 141 172
0 152 181
15 166 193
9 158 184
26 174 198
30 176 198
0 143 165
7 152 174
0 129 149
18 165 185
17 166 186
0 142 162
1 154 175
28 185 205
20 181 203
0 162 186
20 192 220
30 206 237
11 189 224
0 179 218
27 177 213
20 169 203
14 162 192
10 156 184
0 134 160
0 126 152
0 139 164
0 138 163
2 144 169
30 172 195
3 148 169
0 145 162
8 158 175
9 159 176
14 165 185
21 175 194
0 157 177
0 147 169
0 152 177
4 171 198
28 200 230
18 193 226
0 162 199
0 169 219
32 180 210
40 186 214
18 163 189
27 171 196
3 147 172
0 126 151
2 146 171
0 141 161
0 119 136
0 146 163
8 160 177
0 142 162
0 143 162
1 156 177
20 176 199
0 157 182
0 152 179
0 165 196
11 184 217
18 191 229
24 200 240
0 169 214
22 205 255
22 207 255
17 205 254
6 198 245
8 157 183
0 140 166
16 164 188
0 129 149
6 157 177
28 179 199
0 151 172
0 142 163
9 164 187
16 175 201
24 186 215
26 191 224
20 189 226
25 196 234
12 191 236
23 204 253
25 210 255
14 202 251
0 181 228
23 221 255
9 207 255
13 166 187
8 161 182
0 138 166
25 187 216
38 203 236
15 182 219
10 178 219
11 185 228
0 175 220
0 173 222
0 179 227
0 181 229
0 180 227
0 184 228
12 209 255
17 215 255
24 219 255
15 209 255
1 192 249
0 179 239
12 174 209
0 154 198
0 167 213
0 180 226
0 172 218
0 179 224
11 200 245
21 212 255
5 199 247
4 200 248
0 189 242
4 195 250
9 195 255
8 191 255
34 205 251
36 214 255
10 192 238
3 187 233
20 207 252
7 198 247
0 183 232
0 182 232
0 183 238
0 180 240
4 187 251
16 193 255
16 188 255
8 97 171
31 199 247
41 218 255
17 198 243
3 185 231
4 188 234
0 182 236
1 189 244
0 186 246
0 166 228
0 163 230
0 167 239
0 117 192
0 100 173
0 88 158
0 66 132
0 50 111
7 186 231
14 199 255
29 214 255
15 196 255
0 171 238
0 171 243
3 170 245
0 93 167
0 106 176
0 75 141
0 41 103
0 30 89
25 200 255
10 183 253
27 173 245
3 137 207
13 132 201
26 126 190
0 63 121
0 30 86
0 13 64
12 16 44
14 18 43
39 179 248
37 160 228
63 168 231
60 144 202
38 102 157
11 21 55
13 18 49
15 18 46
16 17 43
17 19 43
15 19 44
25 167 238
26 151 219
57 163 227
93 179 239
108 172 230
11 20 58
14 19 52
14 17 48
15 17 47
15 18 46
14 18 47
7 13 54
12 113 181
1 17 64
7 16 59
10 15 54
12 15 53
12 16 51
12 19 52
12 18 53
10 16 57
10 15 60
8 14 59
7 13 58
5 14 58
5 13 60
3 13 61
2 15 67
4 8 73
9 11 76
6 11 72
7 17 65
9 15 62
9 15 60
7 16 59
6 18 58
9 18 61
10 16 63
9 15 62
8 14 61
5 13 60
5 12 61
6 13 62
6 13 63
6 13 63
4 13 63
5 14 64
4 15 65
6 14 67
4 15 67
4 15 67
5 12 67
8 12 71
11 12 73
11 14 75
10 14 73
7 14 71
7 14 71
6 15 72
8 16 75
5 14 78
5 13 83
2 10 87
1 7 90
12 22 76
11 19 72
7 18 68
4 18 66
2 18 65
3 17 65
10 17 66
11 16 65
10 15 64
9 14 63
8 13 62
6 13 62
8 12 63
6 13 63
9 13 64
7 14 64
8 15 65
8 15 65
8 15 65
8 15 65
7 13 66
7 13 66
9 12 67
11 14 69
10 15 70
10 16 69
7 15 68
7 15 68
6 17 69
8 17 74
5 15 75
6 14 81
6 13 86
5 9 90
2 6 94
4 6 100
5 8 106
6 20 73
1 19 72
13 17 66
12 16 65
10 14 63
9 13 62
8 13 62
9 13 62
8 13 62
10 14 63
11 15 64
11 15 64
12 16 65
12 16 65
11 15 64
10 13 64
10 14 63
8 13 62
9 15 62
9 17 64
8 16 63
7 15 62
5 15 63
4 15 65
6 16 70
4 14 74
5 12 81
5 11 88
5 8 93
3 5 99
5 5 105
8 6 112
13 17 68
11 15 66
10 14 65
9 13 64
8 12 63
8 12 63
8 13 62
10 14 65
10 15 64
12 16 65
12 16 65
12 16 65
11 15 64
10 14 63
10 14 63
7 11 59
7 13 58
9 15 60
6 15 59
5 13 60
5 12 61
4 12 65
4 13 70
5 11 76
4 10 83
4 8 89
4 5 95
3 3 103
5 3 109
9 5 118
10 7 123
6 14 67
10 16 69
11 18 68
10 16 69
9 16 66
10 14 65
10 14 65
12 16 67
13 17 68
12 16 67
11 15 64
8 12 61
8 12 61
9 13 62
8 12 63
8 12 65
6 11 66
3 9 68
1 7 72
5 8 82
5 9 88
6 8 96
6 5 101
4 2 108
5 1 114
5 2 118
8 15 70
10 16 69
15 17 71
16 17 73
14 15 75
11 13 77
8 11 79
6 9 83
4 5 85
4 5 93
7 6 102
7 6 110
8 4 117
8 5 121
11 6 129
7 9 87
5 8 89
6 5 101
7 6 109
7 6 116
8 4 123